
R version 3.2.2 (2015-08-14) -- "Fire Safety"
Copyright (C) 2015 The R Foundation for Statistical Computing
Platform: x86_64-pc-linux-gnu (64-bit)

R is free software and comes with ABSOLUTELY NO WARRANTY.
You are welcome to redistribute it under certain conditions.
Type 'license()' or 'licence()' for distribution details.

  Natural language support but running in an English locale

R is a collaborative project with many contributors.
Type 'contributors()' for more information and
'citation()' on how to cite R or R packages in publications.

Type 'demo()' for some demos, 'help()' for on-line help, or
'help.start()' for an HTML browser interface to help.
Type 'q()' to quit R.

> pkgname <- "BayesCombo"
> source(file.path(R.home("share"), "R", "examples-header.R"))
> options(warn = 1)
> base::assign(".ExTimings", "BayesCombo-Ex.timings", pos = 'CheckExEnv')
> base::cat("name\tuser\tsystem\telapsed\n", file=base::get(".ExTimings", pos = 'CheckExEnv'))
> base::assign(".format_ptime",
+ function(x) {
+   if(!is.na(x[4L])) x[1L] <- x[1L] + x[4L]
+   if(!is.na(x[5L])) x[2L] <- x[2L] + x[5L]
+   options(OutDec = '.')
+   format(x[1L:3L], digits = 7L)
+ },
+ pos = 'CheckExEnv')
> 
> ### * </HEADER>
> library('BayesCombo')
> 
> base::assign(".oldSearch", base::search(), pos = 'CheckExEnv')
> cleanEx()
> nameEx("BSfactor")
> ### * BSfactor
> 
> flush(stderr()); flush(stdout())
> 
> base::assign(".ptime", proc.time(), pos = "CheckExEnv")
> ### Name: BSfactor
> ### Title: Calculate a 'Bayesian Safety' (BS) factor
> ### Aliases: BSfactor
> 
> ### ** Examples
> 
> 
> x <- pmp.update(beta = c(0.126, 5.005, 1.298, 0.000476),
+        se.beta = c(0.0504, 2.5811, 2.0541, 0.0026) )
> 
> BSfactor(x)
$PMP
                 H<         H0           H>
  [1,] 2.779824e-04 0.02392699 0.9757950323
  [2,] 2.777789e-04 0.02464139 0.9750808295
  [3,] 2.775716e-04 0.02536945 0.9743529783
  [4,] 2.773602e-04 0.02611156 0.9736110837
  [5,] 2.771447e-04 0.02686812 0.9728547354
  [6,] 2.769250e-04 0.02763957 0.9720835068
  [7,] 2.767010e-04 0.02842634 0.9712969543
  [8,] 2.764724e-04 0.02922891 0.9704946168
  [9,] 2.762392e-04 0.03004775 0.9696760141
 [10,] 2.760012e-04 0.03088335 0.9688406467
 [11,] 2.757583e-04 0.03173625 0.9679879941
 [12,] 2.755103e-04 0.03260698 0.9671175144
 [13,] 2.752571e-04 0.03349610 0.9662286425
 [14,] 2.749985e-04 0.03440421 0.9653207893
 [15,] 2.747343e-04 0.03533193 0.9643933402
 [16,] 2.744643e-04 0.03627988 0.9634456538
 [17,] 2.741884e-04 0.03724875 0.9624770605
 [18,] 2.739063e-04 0.03823923 0.9614868607
 [19,] 2.736178e-04 0.03925206 0.9604743232
 [20,] 2.733228e-04 0.04028799 0.9594386836
 [21,] 2.730210e-04 0.04134784 0.9583791421
 [22,] 2.727121e-04 0.04243243 0.9572948616
 [23,] 2.723959e-04 0.04354264 0.9561849655
 [24,] 2.720721e-04 0.04467939 0.9550485350
 [25,] 2.717406e-04 0.04584365 0.9538846072
 [26,] 2.714009e-04 0.04703643 0.9526921719
 [27,] 2.710528e-04 0.04825878 0.9514701688
 [28,] 2.706959e-04 0.04951182 0.9502174842
 [29,] 2.703300e-04 0.05079672 0.9489329480
 [30,] 2.699546e-04 0.05211472 0.9476153297
 [31,] 2.695694e-04 0.05346710 0.9462633347
 [32,] 2.691741e-04 0.05485523 0.9448755998
 [33,] 2.687682e-04 0.05628054 0.9434506890
 [34,] 2.683512e-04 0.05774456 0.9419870879
 [35,] 2.679228e-04 0.05924888 0.9404831992
 [36,] 2.674824e-04 0.06079518 0.9389373362
 [37,] 2.670296e-04 0.06238525 0.9373477167
 [38,] 2.665637e-04 0.06402098 0.9357124562
 [39,] 2.660843e-04 0.06570436 0.9340295604
 [40,] 2.655907e-04 0.06743749 0.9322969172
 [41,] 2.650823e-04 0.06922263 0.9305122875
 [42,] 2.645584e-04 0.07106215 0.9286732961
 [43,] 2.640183e-04 0.07295856 0.9267774206
 [44,] 2.634613e-04 0.07491456 0.9248219803
 [45,] 2.628864e-04 0.07693299 0.9228041233
 [46,] 2.622929e-04 0.07901689 0.9207208125
 [47,] 2.616799e-04 0.08116951 0.9185688108
 [48,] 2.610463e-04 0.08339429 0.9163446640
 [49,] 2.603911e-04 0.08569493 0.9140446822
 [50,] 2.597131e-04 0.08807537 0.9116649196
 [51,] 2.590112e-04 0.09053984 0.9092011519
 [52,] 2.582842e-04 0.09309286 0.9066488510
 [53,] 2.575305e-04 0.09573931 0.9040031577
 [54,] 2.567487e-04 0.09848440 0.9012588504
 [55,] 2.559372e-04 0.10133375 0.8984103108
 [56,] 2.550943e-04 0.10429342 0.8954514856
 [57,] 2.542181e-04 0.10736994 0.8923758437
 [58,] 2.533066e-04 0.11057037 0.8891763277
 [59,] 2.523577e-04 0.11390234 0.8858453001
 [60,] 2.513689e-04 0.11737415 0.8823744823
 [61,] 2.503378e-04 0.12099478 0.8787548862
 [62,] 2.492615e-04 0.12477400 0.8749767358
 [63,] 2.481370e-04 0.12872248 0.8710293800
 [64,] 2.469609e-04 0.13285185 0.8669011915
 [65,] 2.457298e-04 0.13717482 0.8625794527
 [66,] 2.444395e-04 0.14170534 0.8580502251
 [67,] 2.430857e-04 0.14645872 0.8532981985
 [68,] 2.416637e-04 0.15145182 0.8483065188
 [69,] 2.401681e-04 0.15670324 0.8430565879
 [70,] 2.385931e-04 0.16223357 0.8375278321
 [71,] 2.369322e-04 0.16806564 0.8316974326
 [72,] 2.351780e-04 0.17422481 0.8255400112
 [73,] 2.333227e-04 0.18073942 0.8190272605
 [74,] 2.313571e-04 0.18764113 0.8121275088
 [75,] 2.292712e-04 0.19496552 0.8048052052
 [76,] 2.270534e-04 0.20275264 0.7970203071
 [77,] 2.246910e-04 0.21104776 0.7887275471
 [78,] 2.221692e-04 0.21990228 0.7798755527
 [79,] 2.194715e-04 0.22937475 0.7704057806
 [80,] 2.165787e-04 0.23953220 0.7602512208
 [81,] 2.134689e-04 0.25045172 0.7493348083
 [82,] 2.101166e-04 0.26222242 0.7375674638
 [83,] 2.064925e-04 0.27494785 0.7248456572
 [84,] 2.025619e-04 0.28874908 0.7110483536
 [85,] 1.982844e-04 0.30376856 0.6960331507
 [86,] 1.936119e-04 0.32017504 0.6796313451
 [87,] 1.884870e-04 0.33816995 0.6616415668
 [88,] 1.828407e-04 0.35799569 0.6418214703
 [89,] 1.765891e-04 0.37994666 0.6198767535
 [90,] 1.696295e-04 0.40438393 0.5954464454
 [91,] 1.618342e-04 0.43175527 0.5680828944
 [92,] 1.530432e-04 0.46262287 0.5372240883
 [93,] 1.430527e-04 0.49770230 0.5021546436
 [94,] 1.315992e-04 0.53791874 0.4619496562
 [95,] 1.183360e-04 0.58448973 0.4153919366
 [96,] 1.027972e-04 0.63905056 0.3608466464
 [97,] 8.434245e-05 0.70385030 0.2960653579
 [98,] 6.206587e-05 0.78206955 0.2178683807
 [99,] 3.464312e-05 0.87835843 0.1216069278
[100,] 5.807758e-08 0.99979607 0.0002038684

$priorMP
                H<        H0          H>
  [1,] 0.333335000 0.3333300 0.333335000
  [2,] 0.329968030 0.3400639 0.329968030
  [3,] 0.326601061 0.3467979 0.326601061
  [4,] 0.323234091 0.3535318 0.323234091
  [5,] 0.319867121 0.3602658 0.319867121
  [6,] 0.316500152 0.3669997 0.316500152
  [7,] 0.313133182 0.3737336 0.313133182
  [8,] 0.309766212 0.3804676 0.309766212
  [9,] 0.306399242 0.3872015 0.306399242
 [10,] 0.303032273 0.3939355 0.303032273
 [11,] 0.299665303 0.4006694 0.299665303
 [12,] 0.296298333 0.4074033 0.296298333
 [13,] 0.292931364 0.4141373 0.292931364
 [14,] 0.289564394 0.4208712 0.289564394
 [15,] 0.286197424 0.4276052 0.286197424
 [16,] 0.282830455 0.4343391 0.282830455
 [17,] 0.279463485 0.4410730 0.279463485
 [18,] 0.276096515 0.4478070 0.276096515
 [19,] 0.272729545 0.4545409 0.272729545
 [20,] 0.269362576 0.4612748 0.269362576
 [21,] 0.265995606 0.4680088 0.265995606
 [22,] 0.262628636 0.4747427 0.262628636
 [23,] 0.259261667 0.4814767 0.259261667
 [24,] 0.255894697 0.4882106 0.255894697
 [25,] 0.252527727 0.4949445 0.252527727
 [26,] 0.249160758 0.5016785 0.249160758
 [27,] 0.245793788 0.5084124 0.245793788
 [28,] 0.242426818 0.5151464 0.242426818
 [29,] 0.239059848 0.5218803 0.239059848
 [30,] 0.235692879 0.5286142 0.235692879
 [31,] 0.232325909 0.5353482 0.232325909
 [32,] 0.228958939 0.5420821 0.228958939
 [33,] 0.225591970 0.5488161 0.225591970
 [34,] 0.222225000 0.5555500 0.222225000
 [35,] 0.218858030 0.5622839 0.218858030
 [36,] 0.215491061 0.5690179 0.215491061
 [37,] 0.212124091 0.5757518 0.212124091
 [38,] 0.208757121 0.5824858 0.208757121
 [39,] 0.205390152 0.5892197 0.205390152
 [40,] 0.202023182 0.5959536 0.202023182
 [41,] 0.198656212 0.6026876 0.198656212
 [42,] 0.195289242 0.6094215 0.195289242
 [43,] 0.191922273 0.6161555 0.191922273
 [44,] 0.188555303 0.6228894 0.188555303
 [45,] 0.185188333 0.6296233 0.185188333
 [46,] 0.181821364 0.6363573 0.181821364
 [47,] 0.178454394 0.6430912 0.178454394
 [48,] 0.175087424 0.6498252 0.175087424
 [49,] 0.171720455 0.6565591 0.171720455
 [50,] 0.168353485 0.6632930 0.168353485
 [51,] 0.164986515 0.6700270 0.164986515
 [52,] 0.161619545 0.6767609 0.161619545
 [53,] 0.158252576 0.6834948 0.158252576
 [54,] 0.154885606 0.6902288 0.154885606
 [55,] 0.151518636 0.6969627 0.151518636
 [56,] 0.148151667 0.7036967 0.148151667
 [57,] 0.144784697 0.7104306 0.144784697
 [58,] 0.141417727 0.7171645 0.141417727
 [59,] 0.138050758 0.7238985 0.138050758
 [60,] 0.134683788 0.7306324 0.134683788
 [61,] 0.131316818 0.7373664 0.131316818
 [62,] 0.127949848 0.7441003 0.127949848
 [63,] 0.124582879 0.7508342 0.124582879
 [64,] 0.121215909 0.7575682 0.121215909
 [65,] 0.117848939 0.7643021 0.117848939
 [66,] 0.114481970 0.7710361 0.114481970
 [67,] 0.111115000 0.7777700 0.111115000
 [68,] 0.107748030 0.7845039 0.107748030
 [69,] 0.104381061 0.7912379 0.104381061
 [70,] 0.101014091 0.7979718 0.101014091
 [71,] 0.097647121 0.8047058 0.097647121
 [72,] 0.094280152 0.8114397 0.094280152
 [73,] 0.090913182 0.8181736 0.090913182
 [74,] 0.087546212 0.8249076 0.087546212
 [75,] 0.084179242 0.8316415 0.084179242
 [76,] 0.080812273 0.8383755 0.080812273
 [77,] 0.077445303 0.8451094 0.077445303
 [78,] 0.074078333 0.8518433 0.074078333
 [79,] 0.070711364 0.8585773 0.070711364
 [80,] 0.067344394 0.8653112 0.067344394
 [81,] 0.063977424 0.8720452 0.063977424
 [82,] 0.060610455 0.8787791 0.060610455
 [83,] 0.057243485 0.8855130 0.057243485
 [84,] 0.053876515 0.8922470 0.053876515
 [85,] 0.050509545 0.8989809 0.050509545
 [86,] 0.047142576 0.9057148 0.047142576
 [87,] 0.043775606 0.9124488 0.043775606
 [88,] 0.040408636 0.9191827 0.040408636
 [89,] 0.037041667 0.9259167 0.037041667
 [90,] 0.033674697 0.9326506 0.033674697
 [91,] 0.030307727 0.9393845 0.030307727
 [92,] 0.026940758 0.9461185 0.026940758
 [93,] 0.023573788 0.9528524 0.023573788
 [94,] 0.020206818 0.9595864 0.020206818
 [95,] 0.016839848 0.9663203 0.016839848
 [96,] 0.013472879 0.9730542 0.013472879
 [97,] 0.010105909 0.9797882 0.010105909
 [98,] 0.006738939 0.9865221 0.006738939
 [99,] 0.003371970 0.9932561 0.003371970
[100,] 0.000005000 0.9999900 0.000005000

$boundary
       H<        H0        H> 
0.2424268 0.5151464 0.2424268 

$sig
[1] 0.95

attr(,"class")
[1] "BSfactor"
> 
> 
> 
> base::assign(".dptime", (proc.time() - get(".ptime", pos = "CheckExEnv")), pos = "CheckExEnv")
> base::cat("BSfactor", base::get(".format_ptime", pos = 'CheckExEnv')(get(".dptime", pos = "CheckExEnv")), "\n", file=base::get(".ExTimings", pos = 'CheckExEnv'), append=TRUE, sep="\t")
> cleanEx()
> nameEx("forestplot")
> ### * forestplot
> 
> flush(stderr()); flush(stdout())
> 
> base::assign(".ptime", proc.time(), pos = "CheckExEnv")
> ### Name: forestplot
> ### Title: Forest plot
> ### Aliases: forestplot
> 
> ### ** Examples
> 
> x <- pmp.update( beta = c(0.0126, 5.0052, 1.2976, 0.0005),
+        se.beta = c(0.050, 2.581, 2.054, 0.003) )
> forestplot(x)
> 
> 
> 
> 
> base::assign(".dptime", (proc.time() - get(".ptime", pos = "CheckExEnv")), pos = "CheckExEnv")
> base::cat("forestplot", base::get(".format_ptime", pos = 'CheckExEnv')(get(".dptime", pos = "CheckExEnv")), "\n", file=base::get(".ExTimings", pos = 'CheckExEnv'), append=TRUE, sep="\t")
> cleanEx()
> nameEx("plot.PMP")
> ### * plot.PMP
> 
> flush(stderr()); flush(stdout())
> 
> base::assign(".ptime", proc.time(), pos = "CheckExEnv")
> ### Name: plot.PMP
> ### Title: Plot of prior, data, and posterior distributions
> ### Aliases: plot.PMP
> 
> ### ** Examples
> 
> x <- pmp(beta = 5.005, se.beta = 2.05)
> plot(x)
> 
> 
> 
> base::assign(".dptime", (proc.time() - get(".ptime", pos = "CheckExEnv")), pos = "CheckExEnv")
> base::cat("plot.PMP", base::get(".format_ptime", pos = 'CheckExEnv')(get(".dptime", pos = "CheckExEnv")), "\n", file=base::get(".ExTimings", pos = 'CheckExEnv'), append=TRUE, sep="\t")
> cleanEx()
> nameEx("plot.PMPlist")
> ### * plot.PMPlist
> 
> flush(stderr()); flush(stdout())
> 
> base::assign(".ptime", proc.time(), pos = "CheckExEnv")
> ### Name: plot.PMPlist
> ### Title: Plot of posterior model probabilities
> ### Aliases: plot.PMPlist
> 
> ### ** Examples
> 
> x <- pmp.update(beta = c(0.0126, 5.0052, 1.2976, 0.0005),
+        se.beta = c(0.050, 2.581, 2.054, 0.003) )
> plot(x)
> 
> 
> 
> base::assign(".dptime", (proc.time() - get(".ptime", pos = "CheckExEnv")), pos = "CheckExEnv")
> base::cat("plot.PMPlist", base::get(".format_ptime", pos = 'CheckExEnv')(get(".dptime", pos = "CheckExEnv")), "\n", file=base::get(".ExTimings", pos = 'CheckExEnv'), append=TRUE, sep="\t")
> cleanEx()
> nameEx("pmp")
> ### * pmp
> 
> flush(stderr()); flush(stdout())
> 
> base::assign(".ptime", proc.time(), pos = "CheckExEnv")
> ### Name: pmp
> ### Title: Calculates posterior model probabilities for one study
> ### Aliases: pmp
> 
> ### ** Examples
> 
> # library(labstats) # need to install separately
> # plot(time.immob ~ dose, data=fluoxetine) 
> # summary(lm(time.immob ~ dose, data=fluoxetine))
> x <- pmp(beta=-0.25200, se.beta=0.09913) # dose effect from above output
> x
$beta
[1] -0.252

$se.beta
[1] 0.09913

$beta0
[1] 0

$percent
[1] 99

$se0
[1] 0.1969626

$post.b
[1] -0.2010685

$post.se
[1] 0.0885476

$mod.priors
[1] 0.3333333 0.3333333 0.3333333

$BFs
        H<         H0         H> 
1.97683719 0.16886537 0.02316281 

$pmps
        H<         H0         H> 
0.91146146 0.07785885 0.01067969 

attr(,"class")
[1] "PMP"
> 
> 
> 
> base::assign(".dptime", (proc.time() - get(".ptime", pos = "CheckExEnv")), pos = "CheckExEnv")
> base::cat("pmp", base::get(".format_ptime", pos = 'CheckExEnv')(get(".dptime", pos = "CheckExEnv")), "\n", file=base::get(".ExTimings", pos = 'CheckExEnv'), append=TRUE, sep="\t")
> cleanEx()
> nameEx("pmp.update")
> ### * pmp.update
> 
> flush(stderr()); flush(stdout())
> 
> base::assign(".ptime", proc.time(), pos = "CheckExEnv")
> ### Name: pmp.update
> ### Title: Calculates posterior model probabilities for multiple studies
> ### Aliases: pmp.update
> 
> ### ** Examples
> 
> x <- pmp.update(beta = c(0.0126, 5.0052, 1.2976, 0.0005),
+        se.beta = c(0.050, 2.581, 2.054, 0.003) )
> x
$N
[1] 4

$beta
[1] 0.0126 5.0052 1.2976 0.0005

$se.beta
[1] 0.050 2.581 2.054 0.003

$beta0
[1] 0

$percent
[1] 99

$se0
[1] 0.054891628 4.524141183 2.557760089 0.003194112

$post.b
[1] 0.0068863267 3.7761854488 0.7888704577 0.0002656537

$post.se
[1] 0.036963964 2.241836541 1.601521846 0.002186725

$mod.priors
[1] 0.3333333 0.3333333 0.3333333

$pmp.uniform
             H<        H0        H>
[1,] 0.24634242 0.4218744 0.3317831
[2,] 0.03701135 0.1962903 0.7666984
[3,] 0.18224933 0.4142836 0.4034671
[4,] 0.26183241 0.4202804 0.3178872

$pmps
              H<        H0        H>
[1,] 0.333333333 0.3333333 0.3333333
[2,] 0.246342420 0.4218744 0.3317831
[3,] 0.026327856 0.2391241 0.7345480
[4,] 0.011988711 0.2475211 0.7404902
[5,] 0.009163464 0.3036793 0.6871573

attr(,"class")
[1] "PMPlist"
> plot(x)
> 
> 
> 
> base::assign(".dptime", (proc.time() - get(".ptime", pos = "CheckExEnv")), pos = "CheckExEnv")
> base::cat("pmp.update", base::get(".format_ptime", pos = 'CheckExEnv')(get(".dptime", pos = "CheckExEnv")), "\n", file=base::get(".ExTimings", pos = 'CheckExEnv'), append=TRUE, sep="\t")
> ### * <FOOTER>
> ###
> options(digits = 7L)
> base::cat("Time elapsed: ", proc.time() - base::get("ptime", pos = 'CheckExEnv'),"\n")
Time elapsed:  0.184 0 0.183 0 0 
> grDevices::dev.off()
null device 
          1 
> ###
> ### Local variables: ***
> ### mode: outline-minor ***
> ### outline-regexp: "\\(> \\)?### [*]+" ***
> ### End: ***
> quit('no')
